1178
1375
1374
1373
1378
1377
1376
1597
1596
1595
1600
1599
1598
1459
1460
1461
1462
1455
1456
1457
1458
1418
1419
1420
1421
1414
1415
1416
1417
1618
1619
1620
1621
1448
1580
1579
1578
1583
1582
1581
1568
1567
1566
1571
1570
1569
1575
1576
1577
1397
1405
10175
1447
1584
1585
1586
1591
1592
1593
1594
1559
1558
1557
10078
10080
10082
10072
10074
10076
10066
10068
10070
10096
10098
10100
10090
10092
10094
10084
10086
10088
1538
1536
1534
1544
1542
1540
1635
1634
1633
1638
1637
1636
1530
1532
1531
1529
1522
1521
1520
1525
1524
1523
1528
1527
1526
1549
1548
1547
1552
1551
1550
1555
1554
1553
1589
1590
1446
1403
1389
1517
1518
1519
1444
1402
1388
1512
1513
1509
1546
1612
1610
1608
1611
1609
1607
1606
1605
1604
1603
1602
1601
1615
1443
1372
2027
1425
1426
1424
1423
1422
1371
1342
1339
1341
1364
1363
1565
2900
2901
2902
2903
1652
2904
2905
2906
2907
2908
2691
2909
2910
2911
2912
2913
1645
2914
-1
1650
-1
-1
-1
1646
1649
-1
-1
-1
-1
1651
2915
2916
2917
2918
1647
1648
2
3
0
1
23
21
1660
1659
-1
1068
-1
-1
-1
1161
1162
1034
-1
1039
1027
1041
1042
1043
1040
1049
1048
1045
1051
1052
-1
-1
-1
1047
1046
-1
1153
1050
-1
1144
1143
-1
-1
1185
1182
1179
1186
1183
1180
1152
-1
1126
1127
1125
-1
-1
-1
-1
-1
-1
-1
-1
-1
1146
1147
1110
1111
1109
-1
1151
1123
1124
1122
-1
1145
1107
1108
1106
-1
1148
1113
1114
1112
-1
1149
1117
1118
1116
-1
-1
1166
-1
-1
-1
-1
1165
1167
1168
1169
1170
1171
1172
1173
1174
1175
1176
1177
2849
2919
2624
2607
2608
2308
2307
2719
2612
2619
2920
2921
2922
2923
1699
1701
1700
1702
1703
1704
1705
1706
1707
1708
1709
1710
1711
1712
1713
1714
1716
1717
1718
1715
1719
-1
1653
1656
1720
1721
1722
1723
1724
1725
1726
1727
1728
1729
1730
1731
1732
1733
1734
1735
1736
1737
6317
6217
6006
6186
6220
6155
6124
6037
1514
1515
1516
2741
1655
1406
1407
1408
1409
1410
1411
1412
1413
1613
1587
1588
535
1390
1392
1391
1393
1740
1741
1742
1743
1744
1745
1746
1747
1748
1749
1750
1751
1752
1753
1754
1755
1756
1757
1758
1759
1760
1761
1762
1763
1129
1130
1131
1157
1132
1133
1134
1158
1135
1159
1136
1137
1138
1160
1139
1140
1141
1154
1155
1142
-1
-1
-1
-1
-1
-1
-1
-1
-1
-1
-1
-1
-1
-1
-1
2688
-1
-1
-1
-1
-1
1556
2583
6354
1181
1184
1187
1738
1739
1764
1765
1766
2858
2856
2855
2857
2854
1355
1356
1357
1358
1435
1436
1437
1438
1359
1360
1361
1362
1439
1440
1441
1442
1347
1348
1349
1350
1427
1428
1429
1430
1351
1352
1353
1354
1431
1432
1433
1434
2716
2717
2715
2718
49
2286
2282
2285
2281
2284
2280
1827
1828
1829
1830
1053
1054
1055
1056
1156
1028
-1
-1
-1
-1
-1
1779
1778
1767
1768
1769
1065
1066
1770
1771
1061
1062
1063
1064
1248
1238
1031
1032
1272
1070
1069
1072
1071
1784
1783
9819
9818
10268
10267
1258
1035
1036
1037
1038
-1
-1
-1
-1
-1
1641
1640
1639
1644
1643
1642
2925
2926
55
56
57
58
59
60
61
62
1614
1273
1259
6837
6836
1335
1334
1336
1337
1507
1508
51
52
53
54
1451
1452
2299
1333
1332
1328
1329
1330
1331
1399
1398
1396
1395
1401
1400
1340
2098
2094
2096
2097
2095
2099
2333
2898
1367
1366
1365
1472
1473
1474
1475
1476
1477
1478
1479
1480
2620
2621
2622
2623
2689
2687
2859
1661
1662
2678
2677
2676
2368
1563
1564
2841
2836
2838
1029
-1
1030
-1
1256
1257
-1
-1
-1
1776
-1
-1
-1
-1
-1
-1
-1
-1
-1
1777
-1
-1
-1
-1
-1
-1
-1
-1
-1
-1
-1
-1
-1
-1
-1
-1
-1
-1
-1
-1
-1
1394
1343
2899
1387
1386
1385
1384
1383
1382
1381
1380
1379
1497
1496
1495
1494
1493
1492
1491
1490
1489
1468
1467
1466
1471
1470
1469
1465
1464
1463
1503
1502
1501
1506
1505
1504
1500
1499
1498
1481
1482
1483
1484
2933
1453
2665
2107
2669
2673
2674
2666
2675
2667
2672
2182
2565
2566
2567
2568
2569
2570
2571
2572
2670
2671
2101
2102
2100
2103
2668
2108
2109
2116
2110
2111
2112
2113
2114
2115
1772
1773
1774
1775
1780
1781
1782
1663
1681
1785
1572
1573
1574
1837
1665
2252
1666
1667
1670
1671
1668
1669
1673
1672
1675
1674
1676
1677
1678
1680
1679
1616
1617
1510
1511
1622
1623
1533
-1
1624
1625
1626
1627
1628
1629
1630
1631
1632
1682
1683
1684
1688
1689
1690
1685
1686
1687
1691
1692
1693
1697
1698
1694
1695
1696
-1
-1
-1
-1
-1
-1
-1
-1
-1
-1
-1
-1
2664
2932
2660
2663
2661
2681
2680
2679
2682
2684
2685
2683
2686
2840
2104
2105
2106
2662
2935
2313
2314
2315
2283
2659
